0.33421625707569325
0.38214869346595126
0.3808783549379091
0.32658048700672804
0.38093010078090545
0.3764400121377125
0.328084192048037
0.326517813972973
0.37917031210696517
0.3294065604460703
0.2818642956117367
0.26443467371927876
0.2642505194015725
0.2822945218528161
0.28109613610362394
0.2808275175581921
0.26417538559654924
0.26340868246941035
0.26378288174529646
0.26351378604853776
0.3679876409529206
0.3898623193233853
0.3692990473215095
0.36752490485815836
0.36878585282707854
0.37012707516105386
0.3872174657016695
0.36925886582309614
0.3688441546375614
0.39003436444813017
0.21390126116231384
0.2869716877471556
0.24166791341411856
0.2856640265173724
0.24270816915701174
0.24317647149134394
0.24263717170409843
0.28514883471268526
0.2418345356059977
0.2419022901930107
0.3529859842745925
0.3634867558809455
0.3638875706197523
0.3632541615783332
0.3638965733354327
0.36397739647447547
0.36419945293396827
0.3636025999794321
0.33201838682820584
0.3320973524572611
0.2612050340928386
0.2607776084950269
0.21744469392447632
0.2175680045472094
0.28822788272292077
0.21562489624442463
0.28483628043218623
0.21340353450756253
0.21630510486663904
0.21558231226392563
0.1371518311006542
0.2520058495129608
0.17298309133920683
0.17893902509718215
0.17120260086125655
0.17478482149081295
0.25405347519682575
0.25390648047604447
0.24620087196558915
0.17275909951135673
0.304138553987407
0.3120539768944659
0.3118130865564012
0.311420660408257
0.311831198179583
0.3015313687874577
0.3120976626931485
0.31188592326787745
0.312409057813422
0.30172734351422537
0.3235030279928677
0.3301584318732856
0.32392204878761705
0.3235229812558428
0.32283770982661597
0.32974960633535966
0.32921666075852773
0.3237529778651394
0.3241375268988567
0.32974815466224305
0.38478483561413757
0.3763199101368715
0.390987324708765
0.3776175859536941
0.3763252368417944
0.3775258202604179
0.38936830555806107
0.3780725922370639
0.3904403724258162
0.3916159398822989
0.3581155740871226
0.319386678300816
0.34856812918794966
0.34899228472041277
0.31941823623947274
0.34813480964588867
0.31938325673062856
0.32096203003239043
0.3481282579535306
0.3203985231477554
0.30250122075290575
0.30246927172990745
0.31349291305994653
0.3028487060319944
0.31376419820496154
0.31399112515454913
0.3023531639045517
0.3021195821796598
0.3025204319223583
0.3136106944381476
0.33501839097427255
0.3421822875369772
0.3427883733270206
0.34254950374168386
0.3346803056137868
0.3356495913127421
0.3354032501213897
0.33526564684449234
0.34306101341114525
0.3352070000821045
0.20619802236856152
0.2550284380140815
0.2560958093123437
0.2576745457886338
0.31581233457644786
0.3131425491483108
0.31394032463678995
0.3131823911030757
0.2578078993577891
0.31444741312909763
0.3404343963275861
0.36427683765657476
0.3632172211424647
0.3405505072078301
0.34115567312156214
0.3636301028444765
0.3423237888167916
0.3411278617542638
0.3414224144109466
0.3627799244934974
0.2833046779172887
0.29105386073120965
0.29050508144143106
0.2836338678178017
0.28303494094225723
0.28270757471839036
0.2827736605474994
0.2830090872136246
0.29093166281206045
0.2831518817390074
0.34241975638357713
0.34558065651663117
0.34665319039425346
0.34611160286793236
0.3461657927274919
0.34366047211563217
0.3459588850798666
0.3428749172843508
0.3463432408545175
0.34311864269480274
0.3338815358710062
0.3667466790473044
0.36660438165772136
0.3598563839468092
0.36689313572226023
0.35997044505494824
0.3670586518558179
0.36715548704797896
0.360556242414132
0.36063727285216235
0.12418759408246013
0.21692608729288937
0.21923703023159336
0.17095211642976438
0.16150495919682445
0.21344690688207174
0.22056051299762675
0.15249785055627751
0.17157890340905027
0.21506967302980362
0.307263812963532
0.3160406207846464
0.31542212366033273
0.3077030259907405
0.30714920294268483
0.3067430234685542
0.31605785072700304
0.3068259542540371
0.307105535514409
0.30719123445562685
0.18917248593448122
0.2616493595321292
0.21721868138704906
0.22075307210015638
0.26151989366502565
0.21914855010335532
0.2193678308552588
0.2604112601787677
0.26024594482823904
0.21991742853294155
0.33533246899919894
0.3360472143580822
0.33488862854461066
0.33473200793410474
0.33778065405055313
0.33573274975126444
0.35967175759120007
0.33649214291852636
0.3582761495237403
0.36006704748196516
0.3063415160909076
0.3345477966120701
0.33439803946502844
0.3145501048122382
0.31481824500982003
0.31528891426327643
0.33408858494841265
0.33411143228404405
0.31479999315279455
0.3344209511530257
0.3454836134718655
0.3406106721223714
0.31305896405329947
0.34027881442187236
0.323616657171039
0.3234945627485247
0.3131449828447474
0.3133258141578047
0.32378241100993277
0.3405935066593076
0.2754826241227049
0.31156015627925937
0.30592668241674376
0.31164038042523706
0.3115552576704033
0.30647000279124365
0.3113984424137668
0.31158087974739007
0.305783957308442
0.3056250519301533
0.25176401053926967
0.2495070869512142
0.21483046193471594
0.2450929614421536
0.2368140511156589
0.250114665466691
0.21406226197013462
0.20838881581592206
0.2578612599209038
0.20726290545112486
0.3042040677202451
0.31446219352208327
0.3141629153875997
0.3141212855113071
0.31435268025502805
0.30378578111805515
0.30361962998055303
0.30410307272270887
0.3141565305887607
0.31380391205721064
0.3419223190023518
0.3411783223232631
0.3411704314933487
0.3502844593240101
0.34077839757147993
0.35018828664105184
0.3409844125645825
0.34181792899199104
0.34141162494380456
0.3412429810763856
0.36202153350217303
0.3445823567045657
0.34918211645530056
0.34486867122662046
0.3441749978017389
0.34497056151127586
0.3454797734718907
0.34505232004237724
0.34869000900906855
0.3487285711557234
0.3027915373950137
0.3026188962296217
0.31247650269762045
0.3125804989639325
0.3129939826260288
0.31268340186511423
0.31240194096962365
0.30277778796227095
0.312638823024075
0.3028593010520562
0.3530805950900102
0.3532034748346551
0.35679548765416497
0.35276472583462853
0.35618359704701086
0.3525079969802931
0.355014252566272
0.3532491925754075
0.35371495727623237
0.35644556467673844
0.3363211558554118
0.33593030363683185
0.3140599158304418
0.3363010761439852
0.33660735513317286
0.3144994980583668
0.3147512515351562
0.3358718142541011
0.314360250099065
0.31441234038039156
0.3723123201864919
0.37068730424289226
0.3706265360098921
0.3476600033065009
0.34772864644688467
0.37069458425830315
0.34957662143275947
0.34824215887607046
0.34831396245463037
0.34785511303914113
0.3078741353803447
0.3086539577260847
0.307987668750073
0.33906533705900654
0.3082697765668919
0.3387214165636472
0.3096806454084954
0.33887940736183414
0.30853245255572614
0.3087044134433948
0.3096741485248673
0.3045527392586213
0.31554402559980105
0.3153974291534459
0.3153679360895113
0.30486539603042423
0.304488686496315
0.3155223857777172
0.3155655069211136
0.30468250736333186
0.36495282317178074
0.3531548165745697
0.35358007331496966
0.35244411967578826
0.3791351854759484
0.37886540000393654
0.35466523382005744
0.35346365136584457
0.3790730060914096
0.3792491380730651
0.3442010865241616
0.3500568021942195
0.350299105702211
0.3394501042371709
0.33933140800326944
0.33976014725921483
0.3399146377643395
0.3397639625013026
0.35038282022869083
0.3504654180063179
0.3167923563087759
0.31658072097297374
0.31692490143270713
0.31716541086737704
0.3162109510934469
0.3252486226748169
0.3249472716817501
0.31655032199003125
0.3251496549629235
0.3246547768074028
0.33477139167255104
0.34279595462495305
0.343089768202199
0.3428061851639822
0.34298987955777893
0.3429270747363377
0.30720894108739993
0.3071252708200696
0.3430995707469742
0.34304661479484766
0.29326629335981447
0.3038938983478509
0.323520684955372
0.3239485019269584
0.32361907428975123
0.32282194191101277
0.303944169277287
0.30295915128893236
0.3234637952051952
0.3235125531031368
0.19916547298613502
0.20590546777143165
0.2012764109705433
0.21905375011536543
0.2149616799039802
0.2193284436155596
0.1943253564220115
0.21918265730167943
0.20685607164556774
0.1994547058512835
0.2870110186567821
0.286357167342485
0.2872237688074772
0.2897205880001097
0.2903284857499365
0.29044107333640357
0.2897140001275457
0.2910262079034419
0.2898361287488243
0.2865692997742857
0.20518555628491028
0.2305140366845867
0.27601686379037577
0.2775775140764077
0.230707171380782
0.27657279308698535
0.27497329005753807
0.2756475736903613
0.23172555405429957
0.2758766923618118
0.28049886122210477
0.27982805755908696
0.23202957559188872
0.23310437353731378
0.2325712692752344
0.23007702287364154
0.23317094902801838
0.27960349158630987
0.2796346627905262
0.23034711785479703
0.33884898588633333
0.33451660889904183
0.3346593886262541
0.33437822840650555
0.3342649079275036
0.344686192987141
0.3346615823372473
0.34459587134913894
0.334895839245213
0.3346064487781696
0.31432151401385755
0.3132013522890208
0.31393281929526745
0.28416099243676135
0.28491971488113627
0.2853424095925188
0.31413764418615653
0.2849025702317054
0.313186715339461
0.31378498749954853
0.28822209689952133
0.28795225322485946
0.2888386270650558
0.2885302966436907
0.2867738796044018
0.2898207042661816
0.28768905062410743
0.2899605381756697
0.29013811684662455
0.28868076905203005
0.3706257832673027
0.369103508292251
0.3685506804542931
0.36792901609858886
0.36899978802441813
0.36796945569098155
0.3688906637602881
0.34781639696169175
0.36854227315142385
0.3471178502418204
0.21617666096724492
0.21242467666867015
0.2176011401192915
0.2154113850797184
0.20671956870297883
0.21137886172773637
0.20629525561741935
0.21327733358175732
0.21369704475493542
0.20443556009081812
0.37608513581677716
0.37782670716000644
0.3735589409353688
0.3500371831787898
0.34837817987732733
0.35567456527408614
0.37681711845083177
0.35089237803816253
0.35232308057529493
0.3751057071085746
0.3085575694191673
0.308306922265529
0.30877074805505167
0.30840655107002685
0.3161232045480916
0.3080116416373348
0.3161110849355313
0.31553718829086685
0.3085521969613739
0.30833415401248015
0.3407770885699924
0.3508170590985662
0.3510961726671526
0.34033135127858194
0.3511280290645675
0.34073238650121473
0.35061681295955743
0.3408507820650639
0.3413119578094588
0.35126610803300345
0.30106445313275215
0.30307536524081313
0.31159824941897024
0.3029895192950523
0.303672305110238
0.3107032722466435
0.31153422616767223
0.3111802048417402
0.30257429244799516
0.30306998556196063
0.3597770968473987
0.36410496469275133
0.36018714051974604
0.3781018257578843
0.37670024894656906
0.36313227505290324
0.37765493261829963
0.3768666165512885
0.3783799070611398
0.37717585932752346
0.2689366284015649
0.3001579165055326
0.30015664975166595
0.300629152440165
0.30055163404347324
0.29897840999924474
0.28006184994384525
0.2995893013211614
0.2799723734436019
0.28012162294784093
0.34229313065547035
0.34817147157052303
0.34234410320189357
0.34194463088371235
0.34805914058785803
0.3487563264980345
0.3433704637461423
0.3485789974806759
0.3489127254558708
0.3424385116721932
0.2766921503536073
0.25448744377602955
0.27649310268191607
0.2769535668769413
0.27784395447672555
0.2545040769508105
0.27489654283516823
0.2553403232582966
0.2543823928848133
0.25478594088937323
0.37372926359258274
0.37973182757620005
0.3798879299584873
0.3781042039736616
0.3778209968269353
0.38172787969591143
0.3500884220593906
0.3500441340881976
0.3797582016143761
0.3800078882943084
0.37578284359430447
0.3795398390476419
0.37830990300703243
0.3776578227126318
0.37712799099958494
0.3471332457733063
0.34570488052290793
0.34691469332780805
0.34539628133425565
0.3822134710754828
0.33584213157843845
0.3442515171942741
0.33760151315573084
0.344733656418379
0.34478786968417185
0.33746286788080726
0.3444986505175778
0.33770196261504826
0.3378598140738386
0.344966769282883
0.31363171131778944
0.32356360015807323
0.32338594204523224
0.3235020808779587
0.31380302963484563
0.32357300612058587
0.3133377072629627
0.31328675612168405
0.31347318552374387
0.3235336575032131
0.27155091464032416
0.3052933814423563
0.2985260162469341
0.3048878504594202
0.30493707897016026
0.2991023229790991
0.29791937943870983
0.29852408515145257
0.29874788269387226
0.3055436311473529
0.3409601202652982
0.3411728452454845
0.340642651530129
0.34090306427883743
0.34874283556673047
0.3414483929743197
0.34895986408396407
0.34138945257265596
0.3492811989882699
0.34902286103030106
0.3126654004705363
0.3183991034497907
0.307137991636672
0.30758116282024206
0.3073504178977733
0.3182634075301096
0.3072559939422251
0.3068143551979607
0.31801090988474745
0.30715699799314666
0.3422748050940054
0.33713708969084016
0.33718147184352176
0.34796422041124697
0.34785759022336094
0.3478418994251999
0.3478589107317992
0.33747847732484015
0.33693164562361266
0.33719518930704195
0.2549502568296539
0.31542672045470294
0.2919055272899736
0.2916668187150968
0.3150595808424411
0.31569592384121264
0.3132197981873256
0.2918565851198833
0.3145009295567941
0.314541191120521
0.3557009954724937
0.3671954854884278
0.3567384916914096
0.36653532984070153
0.35638999674439287
0.35453402322178096
0.36901930021107476
0.3545993787944328
0.3694265403170119
0.35585176257680684
0.31259055327195845
0.2834339939446389
0.2836592773507365
0.3121425106506995
0.28423013918371604
0.3129515287012235
0.28466822605954784
0.2841123196829063
0.3119091219161139
0.31125082790042863
0.3303116923164437
0.35383444136233344
0.37883268229878003
0.35471829907888236
0.37715935726250327
0.3524045656497441
0.3760513922702248
0.3766967798974362
0.3572969754224472
0.3541865241475131
0.2099271640988255
0.20563713554172003
0.31083024101155127
0.21420543668990624
0.3244539784999526
0.3245454809543004
0.3100459465509522
0.20788036028117515
0.33189355305753065
0.2076620488730034
0.1656286634191954
0.16033761796266882
0.17265292298077467
0.1705180706216741
0.1792078993102647
0.17385001586416446
0.1588786415850735
0.17669262750049708
0.15558966438442312
0.1769164464573888
0.32093187211224267
0.3324718694609382
0.3270063332638824
0.3321168411911147
0.33208557371269976
0.3262256979667568
0.32755195760359646
0.3272636818560925
0.3330011186642687
0.33234448119794097
0.23947549312713995
0.27539703111253655
0.33058024299724775
0.3312572216790073
0.33223303352713185
0.3294978232670983
0.2752226360095822
0.2754207555201498
0.33032022795940225
0.33116478475658484
0.30525576462720516
0.30492866069949887
0.30555681754041086
0.3135411275514426
0.3137943943280859
0.3048694764664315
0.31402498811867263
0.30468052711139887
0.3051928459395538
0.31384158557854314
0.31656057812308314
0.34474243135770477
0.34589249030595715
0.34555194586379745
0.3172560190154298
0.3448295883806051
0.3180733460262778
0.3172890692496164
0.3457605123005597
0.3170072994414216
0.17881237288997004
0.18753702621647156
0.18577026250540574
0.19980936567346602
0.18827917434312552
0.19422291058195584
0.1897405325317576
0.18945620665711999
0.18649674843975125
0.18151515695937903
0.30015662256821785
0.3006785774280034
0.334995400867793
0.3345657286788335
0.33507830175369524
0.30120209281958077
0.30077391674056814
0.3352011302365019
0.3345123180005328
0.33519405972283517
0.3227213065331076
0.2925909326338484
0.29458528225019043
0.29360461267925453
0.3231601073121373
0.29309718549416613
0.3205775075467609
0.32253182194665253
0.32139604436820157
0.29288385850973403
0.24809078531578851
0.20884632798865027
0.24636666389671957
0.24840847892339823
0.21027906875054694
0.24753772758054166
0.21000877346363284
0.24528082140332996
0.24626740778274092
0.24697599706007745
0.2449771748274972
0.3165334362431099
0.3181620025576748
0.3394493779749356
0.330001373834912
0.3142444662007192
0.34201053626217304
0.34636138274348466
0.3113307317560651
0.3148408527847002
0.36519136502198213
0.3484172031827249
0.34885309347154997
0.34848342260169507
0.34871728118561235
0.3486423255138498
0.3423912012703319
0.34924352549974
0.3419642600759568
0.34885071881410423
0.3136274294116968
0.30912114677115726
0.3090688952686553
0.31926292568019454
0.31955079015899823
0.3194483219638361
0.3197310878484891
0.30869226939860606
0.3195281264113834
0.3091996952494566
0.3383531087617262
0.3446104870647232
0.34481575045940627
0.34471113945052584
0.3446912418503236
0.3347505452062382
0.33483425937164873
0.3448537568862862
0.3447302283048978
0.3344687882056563
0.26232519080313477
0.2901527552586768
0.29582248513651366
0.2958079449149534
0.2904899094944448
0.2897168569875782
0.2892299337166155
0.2894775028301619
0.29577749447290697
0.29557814466986837
0.19170065519396248
0.284726423930193
0.3588413808949702
0.280102699866992
0.3537076536665462
0.2840315062365939
0.3534575744994921
0.35974457504740626
0.3584413257226957
0.3606033727856093
0.33342253678747313
0.33347732503279537
0.34460878585846166
0.333687345551019
0.3446143924533953
0.3337434040248998
0.34473372958664805
0.333517207228964
0.33324938561704487
0.3445454069013986
0.34314300514651863
0.33718882657394866
0.33709459978528533
0.348606965044918
0.3368691158144066
0.34836876436019737
0.3482053239756241
0.3371246894278755
0.3484203655881952
0.348465766008611
0.3002337621564529
0.27517448585334847
0.2992448697506717
0.2754889324036194
0.3005530920120959
0.27473044134396696
0.299243253640867
0.2756333682730107
0.2756327383505561
0.29941557853808093
0.34660709600209216
0.32984388416177574
0.3305310399342298
0.3297630638145761
0.33078464759603154
0.33124463523368264
0.33330451456278753
0.33046355318758946
0.3304104441112689
0.33313441746267086
0.3304952562714002
0.3131495443521599
0.31237287993711427
0.31255422108249403
0.3306800003312827
0.3300641751588536
0.33005780157550424
0.31272623375773173
0.31261763570607504
0.33037040601117446
0.32699287429667717
0.3610813845896491
0.3609850376098366
0.32691940658573837
0.3266460701347367
0.32790668141808055
0.3609020641710404
0.3610816065889727
0.327574283572765
0.36087970454757445
0.21554460142107434
0.25829239750929683
0.2828351553727054
0.25853007821099194
0.25773029113298623
0.25789215502666074
0.2810601876863822
0.25792487454920676
0.28230771254287595
0.2578806313612111
0.1451932279490929
0.17855968634322408
0.21277992804717288
0.21390943088122735
0.1698720057802465
0.17261932116335232
0.1670961018403674
0.2176735355614551
0.20902790485578174
0.18026780417957589
0.3621010507749606
0.33774845224293665
0.38134879110886866
0.33995594691629705
0.33695368185606467
0.3377010250202399
0.38011103534308754
0.3788848748980739
0.3810226080295684
0.34024438234794185
0.3496365944878906
0.35328507703435474
0.3536168442024034
0.3493269956100866
0.34967530908851474
0.3508664852052855
0.35041208622591447
0.3499183948719187
0.35280650725847906
0.35387974655186955
0.33143959941530676
0.33820556896672543
0.33761271594939235
0.337900949847438
0.33819985711562095
0.3308621955008149
0.3384683852401609
0.33092701483088144
0.33129361844255845
0.3385310226483041
0.3676287693966801
0.3551537477075185
0.3701752474497661
0.3625055630735107
0.354586222015408
0.36429036709236506
0.3500639406040814
0.36676135710338753
0.3491741550006735
0.3666162185044122
0.3077742398173055
0.37385482023493477
0.37357791812401664
0.30692966562475804
0.3086854832007197
0.37017170319939996
0.3101116876833649
0.3723182856914534
0.3086692614401847
0.3080671341063078
0.3253107880173883
0.3065024209893921
0.3057428631913356
0.32536686974647866
0.3057551335860486
0.32510192397651544
0.32456399620691184
0.3248357207740916
0.3250094648413345
0.30603827131503014
0.22595941683178636
0.2270847962345465
0.20540611680654766
0.22893120205525613
0.20262016305794622
0.20784643145799117
0.20568370846872658
0.20453538143224279
0.22587862245915322
0.230109175045186
0.34487946408377324
0.34577595643003234
0.34582509093440467
0.34552765632859334
0.3454744993645171
0.34648550327658334
0.35410506466099917
0.3462014317364366
0.35415833604846314
0.35437167216862037
0.3102680895693938
0.31055801649134956
0.31086965524990007
0.31102900507483666
0.3216764561671148
0.32163319404671525
0.32141555157876234
0.31049699526442087
0.3104294491056274
0.3102959600865071
0.3365458486549388
0.3335764181257733
0.3429227966659454
0.3432198063571128
0.3431098789911939
0.33309581587616466
0.3336660958111639
0.33375869017092835
0.33365692758961246
0.33352240679801975
0.2522961952772691
0.31752364771071506
0.29019392226416985
0.3163942759596651
0.31723086449871757
0.2911473122528929
0.31689317391574234
0.2904633767167681
0.31564201466867636
0.31637006317060024
0.19128647510081395
0.21539967936562907
0.2824187046198421
0.2854255096252308
0.2191890783558125
0.28498677139801887
0.21777023982727658
0.28339018870613486
0.28342759285318125
0.28199294935887365
0.3204998095406769
0.3204699634950152
0.3292869371037187
0.32004489917667167
0.3204557152814108
0.32884694907734563
0.3560856480798199
0.3292056042966216
0.32047034470019986
0.3206605465043184
0.2771475635069979
0.2555396576002749
0.276247733996909
0.277335335227277
0.25496231167738603
0.25550777660043156
0.25642171056311597
0.27604727156828224
0.2760069103393733
0.25564431321258313
0.31596609536481013
0.3154566269795764
0.31620064805519293
0.3153267498422989
0.3152659191269589
0.3151786965016494
0.3156543592364908
0.31836714556246
0.315362427588541
0.3154285385838468
0.32702300227072834
0.330238767690692
0.3547405415391869
0.3579056085632958
0.36014794769506164
0.3572990845643972
0.3549263932479355
0.35594331541165003
0.32637692305715305
0.32997654353958883
0.3168968674634498
0.3857874273729568
0.37274378201581126
0.37350411183253546
0.3146314019298553
0.381470658647142
0.38042312885136825
0.31689378766498316
0.3808309124430137
0.3741737225480471
0.3414040240703708
0.3419328100199927
0.3411262420393064
0.3697967240350435
0.3421992217376255
0.34276033280685686
0.37002233952694075
0.34208927038880166
0.34192083565468256
0.3417163321825038
0.36250080612131175
0.2517879734860672
0.2501817855159726
0.3555531834835213
0.3572330588443451
0.2475311483170276
0.36210408091552837
0.35946164122226976
0.36451307037306474
0.3575688044926071
0.36847514006191956
0.3655956358389824
0.37596532410444905
0.3668040290921194
0.3753684864476316
0.3646202848094875
0.3861647930775612
0.38482879495728295
0.36891291180508157
0.38659391477558536
0.2880091903554861
0.2872506573506465
0.28831724428435146
0.2879346236630295
0.28605820455633624
0.28710768006689785
0.28803647612461997
0.28932526862095426
0.2865911554195056
0.28780098436513746
0.20611368424414525
0.2613875141141778
0.2604501307111659
0.26179343056964455
0.26101836496309483
0.25886872692310353
0.2605685570672003
0.2611132957602292
0.22646641162905706
0.2256321040530987
0.28066590117731743
0.3427061088732307
0.33788898072373236
0.3433263960389209
0.33109252925864485
0.3469879782595151
0.31721941235181206
0.3224934231503868
0.3415167563521168
0.33705854125029744
0.31388965492930787
0.32074614563576703
0.31099105925942727
0.3113402379257407
0.3204551527633691
0.32065293380816706
0.31043593163538286
0.31079346588218804
0.3108053693475986
0.3107964756222222
0.19583133832798177
0.19935475372394657
0.20327178450244135
0.2772154887509787
0.27677981744590024
0.27502656020003957
0.20178121191317516
0.20161431525871495
0.2034034212721424
0.27705532704781216
0.35826245733578727
0.33583885011868203
0.34342754066793785
0.34382099840614605
0.3358544724242468
0.34320352786301206
0.33548939851226767
0.33697957769453235
0.3433404634649363
0.34368687949810717
0.34807415814269793
0.32872147992307144
0.3291279874081088
0.3334610651218731
0.3331876696546462
0.3328609438375468
0.33290963437305193
0.3290916646091583
0.33349333706368123
0.3331703607523281
0.3069469102654758
0.3051116038036147
0.2762853506255091
0.30620152039451526
0.277385668781835
0.3068134924303697
0.2751844988706429
0.27748242885072594
0.30495853846649007
0.27484697872634445
0.20708970439245697
0.22785679431169786
0.26849586423203836
0.2275061365132056
0.2299010888024772
0.2292264905000334
0.23087148197200447
0.22823054039660412
0.2302876231404916
0.2683220982426991
0.30658710245946363
0.2855123659719245
0.30618688969513297
0.2845776735382859
0.30686626891294944
0.2849615912683078
0.28527997528770466
0.30522787773112364
0.28519273201709283
0.3059474431553395
0.30258363381149433
0.36449118952981546
0.37126114313459735
0.36265573135661233
0.3690303118504991
0.36136983143204826
0.3702110708264492
0.3606727523898374
0.3622607159123237
0.3617949833978372
0.30451296660348576
0.33833418569335344
0.3321590819980338
0.33762706558663275
0.3319765927895712
0.3315612074155212
0.3340412328057474
0.3057779052730729
0.3328143702926807
0.332984529495848
0.16496119475424126
0.21386625652125468
0.21147738894120116
0.21219787231951281
0.17745591830726404
0.17235558043187824
0.21614852701152368
0.2205160618349108
0.17459208325388478
0.1777922281625643
0.3056717532691336
0.31382111055644824
0.3048661082963725
0.30531192841384297
0.30517161004024873
0.31363231513858947
0.30443731029938936
0.3136913933833489
0.30465391735895764
0.3049628430504495
0.3403249915535631
0.34713226946004694
0.3385333868496111
0.3378549979357641
0.33841664660234255
0.3471715306026535
0.3474614393503745
0.3387375666065957
0.3477104134880362
0.34743412388968964
